base_m    pnp_dT    pnp_dR     vo_dT     vo_dR
 0.074    0.1417     86.33    1.0879     32.81
 0.095    0.1872     84.84    1.0961     33.39
 0.101    0.1831     47.78    0.8572     30.17
 0.106    0.2057     45.35    0.9038     31.43
 0.108    0.2404     83.70    1.1021     33.04
 0.112    0.2313     58.35    1.1401     32.05
 0.113    0.2365     61.94    1.1425     31.72
 0.114    0.2485     75.63    1.0933     32.50
 0.119    0.2191     42.69    1.1722     33.46
 0.120    0.2272     51.40    0.8932     30.54
 0.121    0.2563     52.91    1.1722     34.08
 0.124    0.2212     61.58    0.8816     29.99
 0.125    0.2454     62.77    1.1803     33.86
 0.131    0.2544     45.26    0.8959     30.66
 0.131    0.2166     62.93    1.0866     32.26
 0.141    0.2770     37.12    0.6408     29.53
 0.144    0.2575     75.09    1.1584     29.37
 0.150    0.3159     35.90    0.0926      3.51
 0.152    0.3300     50.83    0.9297     30.66
 0.155    0.3142     46.17    1.1593     30.41
 0.156    0.3595     31.48    0.6276     29.79
 0.157    0.3187     43.07    1.1573     30.75
 0.158    0.3087     78.68    1.0555     30.62
 0.161    0.2946     57.35    1.1571     30.81
 0.161    0.2750     79.06    1.0489     30.98
 0.161    0.3320     42.11    1.1635     30.15
 0.162    0.3323     81.79    1.0582     30.20
 0.163    0.3345     40.61    1.1616     30.50
 0.170    0.3350     51.95    0.7304     30.13
 0.175    0.3168     84.87    1.0408     30.40
 0.176    0.3457     29.20    1.1903     32.16
 0.177    0.3579     48.10    1.1185     32.59
 0.178    0.3822     51.25    1.1169     33.20
 0.180    0.1725     93.68    1.0439     30.00
 0.181    0.3930     64.70    1.1242     32.85
 0.181    0.3583     63.60    1.0865     30.99
 0.182    0.3752     66.89    1.0888     30.59
 0.182    0.3281     48.96    0.8664     30.96
 0.183    0.3642     18.99    0.6144     29.77
 0.183    0.3493     29.28    1.1947     31.92
 0.183    0.3888     34.37    1.1589     31.87
 0.184    0.3282     39.63    1.1896     32.78
 0.185    0.3796     15.73    0.6008     29.00
 0.186    0.3760     26.35    0.6267     30.46
 0.186    0.3816     31.52    1.1575     32.22
 0.188    0.3687     94.92    1.0911     29.49
 0.188    0.4116     72.73    1.1323     33.41
 0.191    0.3625     44.67    0.9401     31.55
 0.191    0.3789     53.77    1.1971     32.55
 0.193    0.3935     14.35    0.6020     28.35
 0.195    0.3823     31.99    0.8230     31.17
 0.201    0.3868     25.48    0.7561     31.22
 0.203    0.3898     82.93    0.1286      1.97
 0.206    0.4132     40.57    0.8575     30.67
 0.208    0.4059     19.28    0.5758     29.85
 0.208    0.3593     37.40    0.1074      4.25
 0.208    0.3738     46.93    0.9511     32.00
 0.209    0.4046     33.49    0.6401     30.15
 0.209    0.3628     55.26    0.8154     30.68
 0.211    0.4152     27.55    1.1921     33.69
 0.214    0.4165     75.65    1.1070     30.37
 0.221    0.4319     37.38    1.1629     32.08
 0.221    0.4129     39.80    1.1917     34.30
 0.224    0.4555     47.11    1.1047     31.48
 0.225    0.3883     55.51    0.8555     30.07
 0.225    0.4721     44.50    1.1030     31.91
 0.233    0.4428     30.12    1.1363     33.57
 0.233    0.4397     31.16    1.1641     32.27
 0.236    0.4180     84.61    0.1672      2.71
 0.237    0.4305     35.27    1.1670     32.17
 0.238    0.5007     37.38    1.1345     34.18
 0.240    0.4458     53.49    1.1237     30.65
 0.241    0.4630     23.07    0.8031     30.31
 0.243    0.4664     44.67    1.1502     32.79
 0.243    0.5087     50.48    1.1409     33.80
 0.246    0.4743     65.13    0.7194     29.75
 0.247    0.5054     28.87    0.6501     29.92
 0.249    0.4455     27.18    1.1662     32.16
 0.250    0.4840     48.67    1.1282     31.08
 0.252    0.5088     10.58    0.5766     29.21
 0.253    0.4912     38.97    1.1678     32.34
 0.254    0.4805     33.72    1.1493     32.76
 0.255    0.5666     59.11    1.1485     34.33
 0.256    0.5008     33.00    1.1435     32.56
 0.256    0.4901     37.26    1.1281     31.20
 0.258    0.4159     33.44    1.1357     32.30
 0.259    0.5177     26.94    1.1218     31.76
 0.260    0.5352     23.93    1.1205     32.19
 0.261    0.4816     35.51    1.1217     30.87
 0.264    0.4807     44.42    0.9660     32.23
 0.264    0.5433     33.19    1.1160     31.72
 0.267    0.5366     31.82    1.1225     31.24
 0.268    0.4393     33.75    1.1339     31.40
 0.270    0.5396     29.80    1.1213     30.99
 0.273    0.5288     17.47    1.1551     33.84
 0.275    0.5517     33.58    1.1178     32.41
 0.275    0.5072     36.15    1.1270     32.07
 0.276    0.5877     37.45    1.1222     31.40
 0.277    0.5466     46.30    0.9336     30.79
 0.277    0.5347     36.64    0.5489     30.05
 0.279    0.5724     19.62    1.1264     32.30
 0.280    0.5431     30.06    1.1532     34.44
 0.281    0.5767     27.55    1.1341     31.39
 0.281    0.5790     19.28    1.1253     32.71
 0.283    0.5198     29.90    0.8014     29.81
 0.287    0.5864     41.98    1.1591     34.06
 0.289    0.6169     26.14    1.1141     32.83
 0.291    0.5907     28.21    1.1130     33.25
 0.292    0.5928     28.04    1.1565     33.98
 0.292    0.6029     22.60    0.6368     30.25
 0.293    0.5712     25.76    1.1503     33.78
 0.295    0.5815      7.68    0.7646     31.71
 0.295    0.6212     29.95    1.1193     32.09
 0.305    0.6012     39.48    0.8954     31.16
 0.307    0.5237     83.50    0.7881     29.58
 0.317    0.6242     51.10    0.8797     31.54
 0.318    0.7982     44.67    0.9835     32.03
 0.343    0.6984     14.02    0.6110     28.78
 0.348    0.6915     26.31    0.5495     29.42
 0.355    0.6898     34.41    1.0542     33.52
 0.363    0.6359     69.30    0.1798      2.96
 0.365    0.6948     63.03    0.7193     30.37
 0.378    0.7595     22.03    0.6737     31.02
 0.394    0.7481     77.52    0.8729     31.05
 0.410    0.7835     36.61    0.2780     32.92
 0.423    0.8404     21.31    0.7466     30.86
 0.451    0.8516     51.48    0.1231      2.72
 0.452    0.8671     50.52    0.9195     32.04
 0.467    0.9339     19.99    1.0587     33.55
 0.493    0.9744     26.27    1.0027     32.70
 0.615    1.2219     16.09    1.0588     34.04

=== bucket medians ===
      base    n |   pnp_dT   pnp_dR |    vo_dT    vo_dR
0.05-0.10    2 |   0.1644    85.58 |   1.0920    33.10
0.10-0.15   16 |   0.2385    55.63 |   1.0900    31.58
0.15-0.20   33 |   0.3579    48.10 |   1.0888    30.75
0.20-0.25   28 |   0.4312    40.18 |   1.1039    31.15
0.25-0.35   40 |   0.5449    32.41 |   1.1215    31.90

PnP rotation beats VO rotation: 38 / 131 loops
baseline >= 0.15 : 113 pairs | PnP rot 37.26 deg | VO rot 31.39 deg | PnP trans 0.4664 m
baseline >= 0.20 :  80 pairs | PnP rot 34.08 deg | VO rot 31.72 deg | PnP trans 0.5218 m
baseline >= 0.25 :  52 pairs | PnP rot 33.09 deg | VO rot 31.90 deg | PnP trans 0.5778 m
baseline >= 0.30 :  18 pairs | PnP rot 38.04 deg | VO rot 31.10 deg | PnP trans 0.7538 m